Temp Time,Temp Value,Hum Time,Hum Value
0.0,26.0,0.0,87.3
2.087,26.0,2.087,87.5
4.093,26.0,4.093,87.5
6.092,26.0,6.092,87.5
8.092,26.0,8.092,87.5
10.092,26.0,10.092,87.5
12.092,26.1,12.092,87.5
14.092,26.1,14.092,87.6
16.095,26.1,16.095,87.6
18.096,26.1,18.096,87.6
20.096,26.2,20.096,87.6
22.094,26.2,22.094,87.6
24.094,26.2,24.094,87.5
26.094,26.2,26.094,87.5
28.092,26.2,28.092,87.5
30.092,26.3,30.092,87.5
32.092,26.3,32.092,87.5
34.096,26.4,34.096,87.3
36.096,26.5,36.096,87.2
38.094,26.5,38.094,87.2
40.094,26.6,40.094,87.1
42.094,26.6,42.094,87.0
44.092,26.6,44.092,86.9
46.092,26.7,46.092,86.9
48.092,26.8,48.092,86.8
50.095,26.9,50.095,86.6
52.094,27.0,52.094,86.5
54.094,27.1,54.094,86.3
56.094,27.1,56.094,86.1
58.094,27.1,58.094,86.1
60.091,27.2,60.091,85.9
62.092,27.3,62.092,85.9
64.092,27.3,64.092,85.7
66.096,27.5,66.096,85.4
68.094,27.5,68.094,85.2
70.094,27.7,70.094,85.0
72.094,27.7,72.094,84.8
74.094,27.7,74.094,84.5
76.092,27.8,76.092,84.3
78.092,27.9,78.092,84.3
80.092,28.0,80.092,84.1
82.095,28.1,82.095,83.7
84.096,28.2,84.096,83.4
86.095,28.3,86.095,83.2
88.094,28.4,88.094,83.0
90.094,28.4,90.094,82.7
92.092,28.5,92.092,82.4
94.092,28.6,94.092,82.4
96.092,28.6,96.092,82.2
98.096,28.8,98.096,81.6
100.094,28.9,100.094,81.3
102.096,29.0,102.096,81.1
104.096,29.0,104.096,80.8
106.096,29.0,106.096,80.6
108.093,29.1,108.093,80.3
110.094,29.2,110.094,80.3
112.094,29.3,112.094,80.0
114.097,29.4,114.097,79.5
116.098,29.5,116.098,79.2
118.096,29.6,118.096,78.9
120.096,29.6,120.096,78.6
122.096,29.6,122.096,78.4
124.093,29.7,124.093,78.1
126.094,29.8,126.094,78.1
128.094,29.8,128.094,77.8
130.097,30.0,130.097,77.3
132.098,30.0,132.098,77.0
134.096,30.1,134.096,76.8
136.096,30.2,136.096,76.5
138.096,30.2,138.096,76.3
140.093,30.2,140.093,76.1
142.093,30.3,142.093,76.1
144.094,30.4,144.094,75.8
146.098,30.5,146.098,75.4
148.097,30.5,148.097,75.2
150.096,30.6,150.096,75.0
152.096,30.6,152.096,74.9
154.097,30.6,154.097,74.6
156.093,30.7,156.093,74.4
158.094,30.7,158.094,74.4
160.094,30.8,160.094,74.2
162.098,30.9,162.098,73.9
164.097,31.0,164.097,73.7
166.096,31.0,166.096,73.5
168.096,31.0,168.096,73.4
170.097,31.1,170.097,73.2
172.097,31.1,172.097,73.0
174.097,31.2,174.097,72.9
176.097,31.3,176.097,72.8
178.098,31.3,178.098,72.6
180.097,31.3,180.097,72.5
182.096,31.4,182.096,72.3
184.096,31.4,184.096,72.2
186.097,31.5,186.097,72.0
188.097,31.5,188.097,71.9
190.097,31.6,190.097,71.7
192.097,31.6,192.097,71.6
194.098,31.6,194.098,71.5
196.097,31.7,196.097,71.3
198.096,31.7,198.096,71.2
200.096,31.8,200.096,71.1
202.097,31.8,202.097,70.9
204.097,31.9,204.097,70.8
206.097,31.9,206.097,70.8
208.098,31.9,208.098,70.6
210.098,32.0,210.098,70.5
212.098,32.0,212.098,70.3
214.096,32.1,214.096,70.2
216.096,32.1,216.096,70.2
218.097,32.1,218.097,70.0
220.097,32.2,220.097,69.9
222.097,32.2,222.097,69.8
224.098,32.2,224.098,69.7
226.097,32.3,226.097,69.6
228.097,32.3,228.097,69.5
230.096,32.3,230.096,69.4
232.096,32.4,232.096,69.2
234.097,32.4,234.097,69.2
236.097,32.4,236.097,69.1
238.097,32.5,238.097,69.0
240.098,32.5,240.098,68.9
242.097,32.5,242.097,68.7
244.097,32.6,244.097,68.5
246.096,32.6,246.096,68.4
248.096,32.6,248.096,68.3
250.097,32.6,250.097,68.1
252.097,32.7,252.097,68.0
254.097,32.7,254.097,67.9
256.098,32.7,256.098,67.8
258.098,32.7,258.098,67.6
260.097,32.7,260.097,67.5
262.096,32.8,262.096,67.4
264.096,32.8,264.096,67.4
266.097,32.8,266.097,67.2
268.097,32.9,268.097,67.1
270.098,32.8,270.098,67.1
272.098,32.9,272.098,67.0
274.097,32.9,274.097,66.9
276.097,32.9,276.097,66.9
278.096,33.0,278.096,66.8
280.096,33.0,280.096,66.7
282.097,33.0,282.097,66.7
284.097,33.0,284.097,66.6
286.098,33.0,286.098,66.5
288.098,33.0,288.098,66.5
290.097,33.0,290.097,66.3
292.097,33.0,292.097,66.2
294.096,33.0,294.096,66.1
296.096,33.0,296.096,66.1
298.097,33.0,298.097,66.1
300.097,33.0,300.097,66.1
302.097,32.9,302.097,66.1
304.098,33.0,304.098,66.1
306.098,33.0,306.098,66.1
308.097,33.0,308.097,66.1
310.096,33.0,310.096,66.1
312.096,33.0,312.096,66.1
314.097,33.0,314.097,66.0
316.097,33.0,316.097,66.1
318.097,33.0,318.097,66.1
320.098,33.0,320.098,66.0
322.098,33.0,322.098,66.0
324.097,33.0,324.097,66.0
326.096,33.1,326.096,66.0
328.096,33.1,328.096,66.0
330.097,33.1,330.097,66.0
332.097,33.1,332.097,66.0
334.097,33.1,334.097,65.9
336.098,33.1,336.098,65.9
338.097,33.2,338.097,65.9
340.097,33.2,340.097,65.8
342.096,33.2,342.096,65.7
344.096,33.2,344.096,65.7
346.097,33.2,346.097,65.6
348.097,33.2,348.097,65.6
350.098,33.2,350.098,65.5
352.097,33.2,352.097,65.5
354.097,33.3,354.097,65.4
356.097,33.3,356.097,65.3
358.096,33.3,358.096,65.3
360.097,33.3,360.097,65.3
362.097,33.3,362.097,65.2
364.097,33.3,364.097,65.2
366.098,33.3,366.098,65.2
368.098,33.4,368.098,65.2
370.097,33.3,370.097,65.2
372.097,33.4,372.097,65.2
374.096,33.4,374.096,65.1
376.097,33.4,376.097,65.1
378.097,33.4,378.097,65.1
380.094,33.4,380.094,65.1
382.094,33.4,382.094,65.1
384.094,33.4,384.094,65.1
386.097,33.4,386.097,64.9
388.097,33.4,388.097,64.9
390.096,33.4,390.096,64.9
392.097,33.4,392.097,64.8
394.097,33.4,394.097,64.8
396.094,33.4,396.094,64.8
398.094,33.5,398.094,64.8
400.094,33.5,400.094,64.7
402.097,33.5,402.097,64.6
404.097,33.5,404.097,64.6
406.096,33.5,406.096,64.5
408.097,33.5,408.097,64.5
410.097,33.5,410.097,64.4
412.094,33.5,412.094,64.3
414.094,33.5,414.094,64.3
416.094,33.5,416.094,64.3
418.097,33.5,418.097,64.2
420.097,33.5,420.097,64.2
422.096,33.5,422.096,64.2
424.097,33.5,424.097,64.1
426.097,33.5,426.097,64.0
428.094,33.5,428.094,64.0
430.094,33.5,430.094,64.0
432.094,33.5,432.094,64.0
434.097,33.5,434.097,64.0
436.097,33.5,436.097,63.9
438.096,33.5,438.096,63.8
440.097,33.5,440.097,63.9
442.098,33.5,442.098,63.9
444.094,33.5,444.094,63.8
446.094,33.5,446.094,63.8
448.094,33.5,448.094,63.8
450.097,33.5,450.097,63.8
452.097,33.5,452.097,63.7
454.096,33.5,454.096,63.7
456.097,33.5,456.097,63.7
458.098,33.5,458.098,63.7
460.094,33.5,460.094,63.6
462.093,33.5,462.093,63.6
464.094,33.5,464.094,63.6
466.097,33.5,466.097,63.6
468.097,33.5,468.097,63.6
470.096,33.5,470.096,63.6
472.097,33.5,472.097,63.6
474.097,33.5,474.097,63.5
476.094,33.5,476.094,63.5
478.093,33.5,478.093,63.5
480.094,33.5,480.094,63.6
482.097,33.5,482.097,63.6
484.097,33.5,484.097,63.6
486.096,33.5,486.096,63.6
488.097,33.5,488.097,63.6
490.097,33.5,490.097,63.7
492.093,33.5,492.093,63.7
494.093,33.5,494.093,63.7
496.094,33.5,496.094,63.7
498.097,33.5,498.097,63.7
500.097,33.5,500.097,63.7
502.096,33.5,502.096,63.8
504.097,33.5,504.097,63.7
506.098,33.5,506.098,63.8
508.094,33.5,508.094,63.7
510.093,33.5,510.093,63.7
512.094,33.5,512.094,63.7
514.097,33.5,514.097,63.8
516.097,33.5,516.097,63.7
518.096,33.5,518.096,63.7
520.097,33.5,520.097,63.7
522.098,33.5,522.098,63.8
524.094,33.5,524.094,63.7
526.094,33.5,526.094,63.7
528.094,33.5,528.094,63.8
530.097,33.5,530.097,63.8
532.097,33.5,532.097,63.8
534.096,33.5,534.096,63.8
536.097,33.5,536.097,63.7
538.098,33.5,538.098,63.8
540.094,33.5,540.094,63.8
542.093,33.5,542.093,63.8
544.094,33.5,544.094,63.7
546.097,33.5,546.097,63.7
548.097,33.5,548.097,63.8
550.097,33.5,550.097,63.7
552.097,33.5,552.097,63.7
554.098,33.5,554.098,63.7
556.093,33.5,556.093,63.7
558.094,33.5,558.094,63.7
560.094,33.5,560.094,63.7
562.097,33.5,562.097,63.6
564.097,33.5,564.097,63.6
566.097,33.5,566.097,63.6
568.097,33.5,568.097,63.6
570.098,33.5,570.098,63.6
572.094,33.5,572.094,63.6
574.093,33.6,574.093,63.6
576.094,33.6,576.094,63.6
578.097,33.5,578.097,63.6
580.097,33.5,580.097,63.7
582.097,33.6,582.097,63.7
584.097,33.6,584.097,63.7
586.097,33.6,586.097,63.7
588.094,33.6,588.094,63.7
590.094,33.6,590.094,63.7
592.094,33.6,592.094,63.7
594.097,33.6,594.097,63.7
596.097,33.6,596.097,63.7
598.097,33.6,598.097,63.7
600.097,33.6,600.097,63.8
602.097,33.6,602.097,63.8
604.094,33.6,604.094,63.8
606.093,33.6,606.093,63.8
608.094,33.6,608.094,63.8
610.097,33.6,610.097,63.8
612.097,33.6,612.097,63.8
614.097,33.6,614.097,63.7
616.097,33.7,616.097,63.6
618.097,33.7,618.097,63.6
620.094,33.6,620.094,63.6
622.093,33.6,622.093,63.6
624.094,33.7,624.094,63.6
626.097,33.7,626.097,63.6
628.097,33.7,628.097,63.6
630.097,33.7,630.097,63.6
632.097,33.7,632.097,63.6
634.097,33.7,634.097,63.6
636.094,33.7,636.094,63.6
638.094,33.7,638.094,63.6
640.094,33.7,640.094,63.6
642.097,33.7,642.097,63.6
644.097,33.7,644.097,63.6
646.097,33.7,646.097,63.5
648.097,33.7,648.097,63.5
650.098,33.7,650.098,63.5
652.094,33.7,652.094,63.4
654.093,33.7,654.093,63.4
656.094,33.7,656.094,63.5
658.097,33.7,658.097,63.4
660.097,33.7,660.097,63.4
662.097,33.8,662.097,63.4
664.097,33.7,664.097,63.4
666.098,33.7,666.098,63.4
668.094,33.8,668.094,63.4
670.093,33.8,670.093,63.4
672.094,33.8,672.094,63.4
674.097,33.8,674.097,63.3
676.097,33.8,676.097,63.2
678.097,33.8,678.097,63.2
680.097,33.8,680.097,63.2
682.098,33.8,682.098,63.1
684.094,33.8,684.094,63.1
686.093,33.8,686.093,63.1
688.094,33.8,688.094,63.0
690.097,33.8,690.097,63.0
692.097,33.8,692.097,63.0
694.097,33.8,694.097,63.0
696.097,33.8,696.097,62.9
698.098,33.8,698.098,62.9
700.094,33.8,700.094,62.8
702.093,33.8,702.093,62.8
704.094,33.8,704.094,62.9
706.097,33.8,706.097,62.8
708.098,33.8,708.098,62.8
710.097,33.8,710.097,62.8
712.097,33.8,712.097,62.7
714.097,33.8,714.097,62.7
716.094,33.8,716.094,62.7
718.093,33.8,718.093,62.7
720.094,33.8,720.094,62.7
722.097,33.8,722.097,62.7
724.098,33.8,724.098,62.6
726.097,33.8,726.097,62.6
728.097,33.8,728.097,62.6
730.098,33.8,730.098,62.6
732.094,33.7,732.094,62.7
734.093,33.7,734.093,62.7
736.094,33.7,736.094,62.7
738.097,33.7,738.097,62.7
740.098,33.7,740.098,62.7
742.097,33.7,742.097,62.7
744.097,33.7,744.097,62.7
746.098,33.7,746.098,62.7
748.094,33.7,748.094,62.7
750.093,33.7,750.093,62.7
752.094,33.7,752.094,62.7
754.097,33.7,754.097,62.7
756.098,33.7,756.098,62.7
758.097,33.7,758.097,62.7
760.097,33.7,760.097,62.7
762.098,33.7,762.098,62.7
764.094,33.7,764.094,62.6
766.093,33.7,766.093,62.6
768.094,33.7,768.094,62.6
770.097,33.7,770.097,62.7
772.098,33.7,772.098,62.6
774.097,33.7,774.097,62.6
776.097,33.7,776.097,62.6
778.098,33.7,778.098,62.6
780.094,33.7,780.094,62.6
782.093,33.7,782.093,62.6
784.094,33.7,784.094,62.6
786.097,33.7,786.097,62.6
788.098,33.7,788.098,62.6
790.097,33.7,790.097,62.6
792.097,33.7,792.097,62.5
794.098,33.7,794.098,62.5
796.094,33.7,796.094,62.6
798.093,33.7,798.093,62.6
800.094,33.7,800.094,62.5
802.097,33.6,802.097,62.5
804.098,33.7,804.098,62.5
806.097,33.6,806.097,62.5
808.097,33.6,808.097,62.6
810.098,33.6,810.098,62.6
812.094,33.6,812.094,62.5
814.093,33.6,814.093,62.5
816.094,33.6,816.094,62.5
818.097,33.6,818.097,62.5
820.098,33.6,820.098,62.5
822.097,33.6,822.097,62.5
824.097,33.6,824.097,62.6
826.098,33.6,826.098,62.6
828.094,33.6,828.094,62.6
830.093,33.6,830.093,62.6
832.094,33.6,832.094,62.6
834.097,33.6,834.097,62.6
836.098,33.6,836.098,62.6
838.097,33.6,838.097,62.5
840.097,33.6,840.097,62.6
842.098,33.6,842.098,62.5
844.094,33.6,844.094,62.6
846.093,33.6,846.093,62.6
848.094,33.6,848.094,62.6
850.097,33.6,850.097,62.6
852.098,33.6,852.098,62.6
854.097,33.6,854.097,62.6
856.097,33.6,856.097,62.6
858.098,33.6,858.098,62.6
860.094,33.6,860.094,62.7
862.093,33.6,862.093,62.7
864.094,33.6,864.094,62.7
866.097,33.6,866.097,62.7
868.098,33.6,868.098,62.8
870.097,33.6,870.097,62.8
872.097,33.6,872.097,62.8
874.098,33.6,874.098,62.8
876.094,33.6,876.094,62.9
878.093,33.6,878.093,62.9
880.094,33.6,880.094,62.8
882.097,33.5,882.097,62.7
884.098,33.5,884.098,62.8
886.097,33.5,886.097,62.8
888.098,33.5,888.098,62.8
890.098,33.5,890.098,62.8
892.093,33.5,892.093,62.8
894.094,33.5,894.094,62.8
896.094,33.5,896.094,62.9
898.097,33.5,898.097,62.8
900.098,33.5,900.098,62.9
902.097,33.5,902.097,62.8
904.098,33.5,904.098,62.9
906.097,33.5,906.097,62.9
908.094,33.5,908.094,62.9
910.094,33.5,910.094,62.9
912.094,33.5,912.094,62.9
914.097,33.5,914.097,62.9
916.098,33.5,916.098,62.9
918.097,33.5,918.097,62.8
920.098,33.5,920.098,62.8
922.098,33.5,922.098,62.8
924.093,33.5,924.093,62.8
926.094,33.5,926.094,62.8
928.094,33.5,928.094,62.8
930.097,33.5,930.097,62.8
932.098,33.5,932.098,62.8
934.097,33.5,934.097,62.8
936.098,33.5,936.098,62.8
938.098,33.5,938.098,62.8
940.093,33.5,940.093,62.8
942.094,33.5,942.094,62.8
944.094,33.5,944.094,62.7
946.098,33.5,946.098,62.8
948.098,33.5,948.098,62.7
950.098,33.5,950.098,62.7
952.098,33.5,952.098,62.7
954.097,33.5,954.097,62.7
956.094,33.5,956.094,62.7
958.094,33.5,958.094,62.7
960.094,33.5,960.094,62.7
962.098,33.5,962.098,62.7
964.098,33.5,964.098,62.7
966.098,33.5,966.098,62.7
968.098,33.5,968.098,62.7
970.097,33.5,970.097,62.6
972.093,33.5,972.093,62.7
974.094,33.5,974.094,62.7
976.094,33.5,976.094,62.7
978.098,33.5,978.098,62.7
980.098,33.4,980.098,62.7
982.097,33.4,982.097,62.6
984.098,33.4,984.098,62.6
986.098,33.4,986.098,62.6
988.093,33.4,988.093,62.7
990.094,33.4,990.094,62.7
992.094,33.4,992.094,62.6
994.098,33.4,994.098,62.7
996.098,33.4,996.098,62.7
998.097,33.4,998.097,62.7
1000.098,33.4,1000.098,62.7
1002.1,33.4,1002.1,62.7
1004.095,33.4,1004.095,62.7
1006.095,33.4,1006.095,62.7
1008.096,33.4,1008.096,62.7
1010.1,33.4,1010.1,62.7
1012.1,33.4,1012.1,62.7
1014.099,33.4,1014.099,62.7
1016.1,33.4,1016.1,62.7
1018.099,33.4,1018.099,62.8
1020.095,33.4,1020.095,62.7
1022.095,33.4,1022.095,62.7
1024.096,33.4,1024.096,62.7
1026.1,33.4,1026.1,62.7
1028.1,33.4,1028.1,62.7
1030.099,33.4,1030.099,62.7
1032.1,33.4,1032.1,62.7
1034.099,33.4,1034.099,62.7
1036.095,33.4,1036.095,62.7
1038.095,33.4,1038.095,62.7
1040.096,33.4,1040.096,62.7
1042.1,33.4,1042.1,62.7
1044.1,33.4,1044.1,62.7
1046.1,33.5,1046.1,62.7
1048.1,33.5,1048.1,62.7
1050.099,33.5,1050.099,62.6
1052.095,33.5,1052.095,62.7
1054.095,33.5,1054.095,62.7
1056.096,33.5,1056.096,62.7
1058.1,33.5,1058.1,62.6
1060.1,33.5,1060.1,62.6
1062.1,33.5,1062.1,62.6
1064.1,33.5,1064.1,62.6
1066.099,33.5,1066.099,62.6
1068.095,33.5,1068.095,62.6
1070.095,33.5,1070.095,62.6
1072.096,33.5,1072.096,62.6
1074.1,33.5,1074.1,62.5
1076.1,33.5,1076.1,62.5
1078.1,33.5,1078.1,62.5
1080.1,33.5,1080.1,62.5
1082.099,33.5,1082.099,62.5
1084.095,33.5,1084.095,62.5
1086.095,33.5,1086.095,62.5
1088.096,33.5,1088.096,62.5
1090.1,33.5,1090.1,62.5
1092.1,33.5,1092.1,62.5
1094.1,33.5,1094.1,62.5
1096.1,33.5,1096.1,62.6
1098.099,33.5,1098.099,62.6
1100.095,33.5,1100.095,62.6
1102.095,33.5,1102.095,62.6
1104.096,33.5,1104.096,62.6
1106.1,33.5,1106.1,62.6
1108.1,33.5,1108.1,62.6
1110.1,33.5,1110.1,62.6
1112.1,33.5,1112.1,62.6
1114.099,33.5,1114.099,62.6
1116.095,33.5,1116.095,62.6
1118.095,33.5,1118.095,62.6
1120.096,33.5,1120.096,62.6
1122.1,33.5,1122.1,62.5
1124.1,33.5,1124.1,62.6
1126.1,33.5,1126.1,62.6
1128.1,33.5,1128.1,62.6
1130.099,33.5,1130.099,62.6
1132.095,33.5,1132.095,62.6
1134.095,33.5,1134.095,62.6
1136.096,33.5,1136.096,62.6
1138.1,33.5,1138.1,62.6
1140.1,33.5,1140.1,62.7
1142.1,33.6,1142.1,62.7
1144.1,33.6,1144.1,62.7
1146.099,33.6,1146.099,62.8
1148.095,33.6,1148.095,62.7
1150.095,33.6,1150.095,62.7
1152.096,33.6,1152.096,62.8
1154.1,33.6,1154.1,62.9
1156.1,33.6,1156.1,62.9
1158.099,33.6,1158.099,62.9
1160.1,33.6,1160.1,62.9
1162.099,33.6,1162.099,63.0
1164.095,33.6,1164.095,63.0
1166.095,33.6,1166.095,63.0
1168.096,33.6,1168.096,62.9
1170.1,33.6,1170.1,63.1
1172.1,33.7,1172.1,63.0
1174.1,33.7,1174.1,63.0
1176.1,33.7,1176.1,63.0
1178.099,33.7,1178.099,63.1
1180.096,33.7,1180.096,63.0
1182.096,33.7,1182.096,63.0
1184.096,33.7,1184.096,63.0
1186.1,33.7,1186.1,63.0
1188.1,33.7,1188.1,63.0
1190.1,33.7,1190.1,63.0
1192.1,33.7,1192.1,63.0
1194.099,33.7,1194.099,62.9
1196.096,33.7,1196.096,62.9
1198.096,33.7,1198.096,62.9
1200.096,33.7,1200.096,62.9
1202.1,33.8,1202.1,62.9
1204.1,33.8,1204.1,62.9
1206.1,33.8,1206.1,62.8
1208.1,33.8,1208.1,62.8
1210.099,33.8,1210.099,62.8
