Temp Time,Temp Value,Hum Time,Hum Value
0.0,27.4,0.0,79.8
2.087,27.3,2.087,80.1
4.093,27.3,4.093,80.2
6.092,27.2,6.092,80.3
8.092,27.2,8.092,80.4
10.092,27.2,10.092,80.5
12.092,27.2,12.092,80.5
14.092,27.2,14.092,80.6
16.095,27.2,16.095,80.8
18.095,27.2,18.095,80.9
20.096,27.2,20.096,80.9
22.094,27.3,22.094,81.1
24.094,27.3,24.094,81.2
26.094,27.3,26.094,81.3
28.092,27.3,28.092,81.3
30.091,27.3,30.091,81.3
32.095,27.4,32.095,81.5
34.095,27.4,34.095,81.5
36.096,27.5,36.096,81.5
38.094,27.5,38.094,81.5
40.094,27.6,40.094,81.5
42.094,27.6,42.094,81.5
44.092,27.6,44.092,81.5
46.091,27.7,46.091,81.5
48.095,27.8,48.095,81.5
50.096,27.8,50.096,81.5
52.096,27.9,52.096,81.4
54.094,27.9,54.094,81.4
56.094,28.0,56.094,81.3
58.094,28.0,58.094,81.3
60.091,28.1,60.091,81.2
62.092,28.1,62.092,81.2
64.092,28.2,64.092,81.1
66.095,28.3,66.095,80.9
68.096,28.3,68.096,80.8
70.094,28.4,70.094,80.6
72.094,28.5,72.094,80.5
74.094,28.5,74.094,80.4
76.091,28.6,76.091,80.2
78.092,28.6,78.092,80.2
80.092,28.7,80.092,80.0
82.095,28.8,82.095,79.7
84.094,28.9,84.094,79.6
86.095,29.0,86.095,79.4
88.094,29.0,88.094,79.2
90.094,29.0,90.094,79.1
92.091,29.1,92.091,78.9
94.092,29.1,94.092,78.9
96.092,29.2,96.092,78.8
98.095,29.3,98.095,78.4
100.096,29.4,100.096,78.3
102.096,29.4,102.096,78.1
104.096,29.5,104.096,77.9
106.096,29.5,106.096,77.7
108.093,29.6,108.093,77.6
110.093,29.6,110.093,77.6
112.094,29.7,112.094,77.3
114.097,29.8,114.097,77.0
116.097,29.9,116.097,76.8
118.096,29.9,118.096,76.7
120.096,30.0,120.096,76.6
122.096,30.0,122.096,76.4
124.093,30.1,124.093,76.3
126.094,30.1,126.094,76.3
128.094,30.2,128.094,76.1
130.098,30.3,130.098,75.8
132.097,30.3,132.097,75.7
134.096,30.4,134.096,75.5
136.096,30.5,136.096,75.4
138.096,30.5,138.096,75.1
140.093,30.5,140.093,74.9
142.093,30.6,142.093,74.9
144.094,30.6,144.094,74.7
146.097,30.7,146.097,74.4
148.097,30.8,148.097,74.2
150.096,30.8,150.096,74.1
152.096,30.9,152.096,73.9
154.096,30.9,154.096,73.7
156.093,30.9,156.093,73.5
158.093,31.0,158.093,73.5
160.094,31.0,160.094,73.4
162.098,31.1,162.098,73.1
164.097,31.1,164.097,73.0
166.096,31.2,166.096,72.8
168.096,31.2,168.096,72.8
170.096,31.2,170.096,72.7
172.094,31.3,172.094,72.6
174.094,31.3,174.094,72.6
176.094,31.4,176.094,72.5
178.098,31.4,178.098,72.1
180.097,31.5,180.097,72.0
182.096,31.5,182.096,71.9
184.096,31.5,184.096,71.8
186.096,31.5,186.096,71.6
188.094,31.6,188.094,71.5
190.094,31.6,190.094,71.5
192.094,31.7,192.094,71.4
194.098,31.7,194.098,71.1
196.097,31.8,196.097,71.0
198.096,31.8,198.096,70.8
200.096,31.8,200.096,70.7
202.096,31.8,202.096,70.5
204.094,31.9,204.094,70.5
206.094,31.9,206.094,70.5
208.094,31.9,208.094,70.3
210.097,32.0,210.097,70.1
212.098,32.0,212.098,70.0
214.096,32.0,214.096,69.9
216.096,32.1,216.096,69.7
218.097,32.1,218.097,69.6
220.094,32.1,220.094,69.4
222.094,32.1,222.094,69.4
224.094,32.2,224.094,69.4
226.097,32.2,226.097,69.2
228.097,32.2,228.097,69.1
230.096,32.2,230.096,68.9
232.096,32.3,232.096,68.8
234.097,32.3,234.097,68.7
236.097,32.3,236.097,68.6
238.097,32.3,238.097,68.5
240.098,32.3,240.098,68.4
242.098,32.4,242.098,68.3
244.097,32.4,244.097,68.1
246.096,32.4,246.096,68.0
248.096,32.4,248.096,67.9
250.097,32.4,250.097,67.7
252.097,32.4,252.097,67.7
254.097,32.4,254.097,67.6
256.097,32.5,256.097,67.5
258.097,32.5,258.097,67.5
260.097,32.5,260.097,67.4
262.096,32.5,262.096,67.3
264.096,32.5,264.096,67.2
266.097,32.5,266.097,67.1
268.097,32.5,268.097,67.1
270.098,32.5,270.098,67.0
272.098,32.6,272.098,67.0
274.097,32.6,274.097,66.9
276.097,32.6,276.097,66.9
278.096,32.6,278.096,66.8
280.096,32.6,280.096,66.8
282.097,32.6,282.097,66.7
284.097,32.6,284.097,66.7
286.097,32.6,286.097,66.6
288.098,32.6,288.098,66.6
290.098,32.6,290.098,66.6
292.097,32.6,292.097,66.5
294.096,32.7,294.096,66.4
296.096,32.6,296.096,66.4
298.097,32.6,298.097,66.4
300.097,32.6,300.097,66.4
302.097,32.7,302.097,66.4
304.098,32.7,304.098,66.4
306.098,32.7,306.098,66.3
308.097,32.7,308.097,66.3
310.096,32.7,310.096,66.3
312.096,32.7,312.096,66.2
314.097,32.7,314.097,66.2
316.097,32.7,316.097,66.1
318.098,32.7,318.098,66.1
320.097,32.7,320.097,66.1
322.097,32.7,322.097,66.0
324.097,32.7,324.097,66.0
326.096,32.7,326.096,66.0
328.096,32.8,328.096,65.9
330.097,32.8,330.097,65.9
332.097,32.8,332.097,65.8
334.097,32.8,334.097,65.8
336.098,32.8,336.098,65.8
338.098,32.8,338.098,65.8
340.097,32.8,340.097,65.7
342.096,32.8,342.096,65.7
344.096,32.8,344.096,65.6
346.097,32.8,346.097,65.6
348.097,32.8,348.097,65.6
350.097,32.8,350.097,65.5
352.098,32.8,352.098,65.5
354.097,32.8,354.097,65.5
356.097,32.8,356.097,65.4
358.096,32.8,358.096,65.4
360.096,32.8,360.096,65.4
362.097,32.8,362.097,65.4
364.097,32.8,364.097,65.4
366.097,32.8,366.097,65.3
368.098,32.8,368.098,65.3
370.098,32.8,370.098,65.3
372.097,32.8,372.097,65.2
374.096,32.8,374.096,65.2
376.096,32.8,376.096,65.2
378.097,32.8,378.097,65.2
380.097,32.8,380.097,65.2
382.097,32.8,382.097,65.2
384.098,32.8,384.098,65.1
386.098,32.8,386.098,65.1
388.097,32.8,388.097,65.1
390.096,32.8,390.096,65.1
392.096,32.8,392.096,65.0
394.097,32.8,394.097,65.0
396.097,32.8,396.097,65.0
398.097,32.8,398.097,65.0
400.098,32.8,400.098,65.0
402.098,32.8,402.098,64.9
404.097,32.8,404.097,64.9
406.096,32.8,406.096,64.9
408.096,32.8,408.096,64.9
410.097,32.8,410.097,64.9
412.097,32.8,412.097,65.0
414.097,32.8,414.097,65.0
416.098,32.8,416.098,65.0
418.098,32.8,418.098,65.0
420.097,32.8,420.097,65.0
422.096,32.8,422.096,65.0
424.096,32.9,424.096,65.0
426.097,32.9,426.097,65.0
428.097,32.8,428.097,65.0
430.097,32.9,430.097,65.1
432.098,32.8,432.098,65.1
434.097,32.9,434.097,65.1
436.097,32.9,436.097,65.1
438.096,32.9,438.096,65.1
440.096,32.9,440.096,65.1
442.097,32.9,442.097,65.1
444.097,32.9,444.097,65.2
446.097,32.9,446.097,65.2
448.098,32.9,448.098,65.2
450.098,32.9,450.098,65.2
452.097,32.9,452.097,65.2
454.096,32.9,454.096,65.3
456.097,32.9,456.097,65.3
458.097,32.9,458.097,65.3
460.094,32.9,460.094,65.3
462.094,32.9,462.094,65.3
464.094,32.9,464.094,65.3
466.097,32.9,466.097,65.3
468.097,32.9,468.097,65.3
470.096,33.0,470.096,65.3
472.097,33.0,472.097,65.3
474.097,33.0,474.097,65.3
476.094,33.0,476.094,65.3
478.094,33.0,478.094,65.3
480.094,33.0,480.094,65.3
482.097,33.0,482.097,65.2
484.097,33.0,484.097,65.2
486.096,33.0,486.096,65.2
488.097,33.0,488.097,65.2
490.097,33.0,490.097,65.2
492.094,33.0,492.094,65.1
494.094,33.0,494.094,65.1
496.094,33.0,496.094,65.1
498.097,33.1,498.097,65.0
500.097,33.1,500.097,65.0
502.096,33.1,502.096,65.0
504.097,33.1,504.097,65.0
506.097,33.1,506.097,65.0
508.094,33.1,508.094,64.9
510.094,33.1,510.094,64.9
512.094,33.1,512.094,64.9
514.097,33.1,514.097,64.8
516.097,33.1,516.097,64.8
518.096,33.1,518.096,64.8
520.097,33.1,520.097,64.9
522.097,33.1,522.097,64.8
524.094,33.1,524.094,64.8
526.094,33.1,526.094,64.8
528.094,33.1,528.094,64.9
530.097,33.1,530.097,64.9
532.097,33.1,532.097,64.9
534.096,33.2,534.096,64.9
536.097,33.2,536.097,64.9
538.097,33.2,538.097,64.9
540.094,33.2,540.094,64.9
542.094,33.2,542.094,64.9
544.094,33.2,544.094,64.9
546.097,33.2,546.097,64.9
548.097,33.2,548.097,64.9
550.096,33.2,550.096,64.9
552.097,33.2,552.097,64.9
554.097,33.2,554.097,64.8
556.094,33.2,556.094,64.9
558.094,33.2,558.094,64.9
560.094,33.3,560.094,64.9
562.097,33.3,562.097,64.9
564.097,33.3,564.097,64.9
566.096,33.3,566.096,64.8
568.097,33.3,568.097,64.8
570.097,33.3,570.097,64.8
572.094,33.3,572.094,64.8
574.094,33.3,574.094,64.8
576.094,33.3,576.094,64.7
578.097,33.3,578.097,64.7
580.097,33.3,580.097,64.7
582.096,33.3,582.096,64.6
584.097,33.3,584.097,64.6
586.097,33.3,586.097,64.6
588.094,33.4,588.094,64.5
590.094,33.4,590.094,64.5
592.094,33.4,592.094,64.5
594.097,33.4,594.097,64.5
596.097,33.4,596.097,64.6
598.096,33.4,598.096,64.5
600.097,33.4,600.097,64.5
602.097,33.4,602.097,64.5
604.094,33.4,604.094,64.5
606.094,33.4,606.094,64.5
608.094,33.4,608.094,64.5
610.097,33.4,610.097,64.4
612.097,33.4,612.097,64.4
614.096,33.5,614.096,64.4
616.097,33.5,616.097,64.3
618.097,33.5,618.097,64.2
620.094,33.5,620.094,64.2
622.094,33.5,622.094,64.2
624.094,33.5,624.094,64.1
626.097,33.5,626.097,63.9
628.097,33.4,628.097,63.9
630.097,33.5,630.097,63.8
632.097,33.5,632.097,63.8
634.098,33.5,634.098,63.7
636.093,33.5,636.093,63.7
638.094,33.5,638.094,63.7
640.094,33.5,640.094,63.7
642.097,33.4,642.097,63.7
644.097,33.4,644.097,63.7
646.097,33.4,646.097,63.7
648.097,33.4,648.097,63.7
650.098,33.4,650.098,63.6
652.094,33.4,652.094,63.6
654.093,33.5,654.093,63.6
656.094,33.5,656.094,63.6
658.097,33.4,658.097,63.6
660.097,33.4,660.097,63.5
662.097,33.4,662.097,63.5
664.097,33.4,664.097,63.5
666.098,33.4,666.098,63.5
668.094,33.4,668.094,63.5
670.093,33.5,670.093,63.5
672.094,33.4,672.094,63.5
674.097,33.4,674.097,63.5
676.097,33.4,676.097,63.5
678.097,33.4,678.097,63.5
680.097,33.4,680.097,63.5
682.098,33.4,682.098,63.5
684.094,33.4,684.094,63.5
686.093,33.5,686.093,63.5
688.094,33.4,688.094,63.4
690.097,33.5,690.097,63.4
692.097,33.4,692.097,63.4
694.097,33.4,694.097,63.4
696.097,33.4,696.097,63.4
698.098,33.4,698.098,63.3
700.094,33.4,700.094,63.4
702.093,33.4,702.093,63.4
704.094,33.4,704.094,63.4
706.097,33.4,706.097,63.3
708.097,33.4,708.097,63.3
710.097,33.4,710.097,63.3
712.097,33.4,712.097,63.3
714.097,33.4,714.097,63.3
716.094,33.4,716.094,63.3
718.093,33.4,718.093,63.3
720.094,33.4,720.094,63.2
722.097,33.4,722.097,63.3
724.097,33.4,724.097,63.3
726.097,33.4,726.097,63.2
728.097,33.4,728.097,63.2
730.097,33.4,730.097,63.2
732.094,33.4,732.094,63.2
734.093,33.4,734.093,63.2
736.094,33.4,736.094,63.2
738.097,33.4,738.097,63.1
740.097,33.4,740.097,63.2
742.097,33.4,742.097,63.2
744.097,33.4,744.097,63.2
746.097,33.4,746.097,63.2
748.094,33.4,748.094,63.2
750.093,33.4,750.093,63.2
752.094,33.4,752.094,63.2
754.097,33.4,754.097,63.2
756.097,33.4,756.097,63.2
758.097,33.4,758.097,63.2
760.097,33.4,760.097,63.2
762.097,33.4,762.097,63.2
764.094,33.4,764.094,63.2
