Temp Time,Temp Value,Hum Time,Hum Value
0,22.8,0,79.5
2.087,22.8,2.087,79.5
4.092,22.8,4.092,79.5
6.093,22.8,6.093,79.5
8.092,22.8,8.092,79.5
10.092,22.8,10.092,79.5
12.092,22.8,12.092,79.5
14.092,22.8,14.092,79.5
16.092,22.8,16.092,79.5
18.095,22.8,18.095,79.6
20.094,22.8,20.094,79.5
22.095,22.9,22.095,79.6
24.094,22.9,24.094,79.5
26.094,22.9,26.094,79.6
28.092,22.9,28.092,79.6
30.092,22.9,30.092,79.6
32.092,23,32.092,79.6
34.095,23,34.095,79.6
36.096,23.1,36.096,79.5
38.094,23.1,38.094,79.5
40.094,23.1,40.094,79.5
42.094,23.1,42.094,79.4
44.092,23.2,44.092,79.4
46.092,23.2,46.092,79.4
48.092,23.3,48.092,79.3
50.095,23.3,50.095,79.3
52.096,23.4,52.096,79.2
54.094,23.5,54.094,79.1
56.094,23.5,56.094,79.1
58.094,23.5,58.094,79
60.092,23.6,60.092,78.9
62.092,23.6,62.092,78.9
64.092,23.7,64.092,78.7
66.095,23.8,66.095,78.6
68.096,23.8,68.096,78.5
70.094,23.9,70.094,78.4
72.094,24,72.094,78.2
74.094,24,74.094,78.1
76.092,24,76.092,77.9
78.092,24.1,78.092,77.9
80.092,24.2,80.092,77.8
82.095,24.3,82.095,77.5
84.094,24.4,84.094,77.3
86.094,24.4,86.094,77.2
88.094,24.5,88.094,77
90.094,24.5,90.094,76.9
92.092,24.6,92.092,76.7
94.092,24.6,94.092,76.7
96.092,24.7,96.092,76.5
98.095,24.8,98.095,76.2
100.094,24.9,100.094,76
102.096,24.9,102.096,75.8
104.096,25,104.096,75.7
106.096,25,106.096,75.5
108.093,25.1,108.093,75.3
110.094,25.2,110.094,75.3
112.094,25.2,112.094,75.1
114.097,25.3,114.097,74.7
116.097,25.4,116.097,74.5
118.096,25.5,118.096,74.3
120.096,25.5,120.096,74.2
122.096,25.5,122.096,74
124.093,25.6,124.093,73.7
126.093,25.7,126.093,73.7
128.094,25.8,128.094,73.6
130.097,25.9,130.097,73.1
132.097,25.9,132.097,73
134.096,26,134.096,72.8
136.096,26.1,136.096,72.6
138.096,26.1,138.096,72.4
140.094,26.1,140.094,72.2
142.094,26.2,142.094,72.2
144.094,26.2,144.094,72
146.097,26.3,146.097,71.6
148.097,26.4,148.097,71.5
150.096,26.4,150.096,71.2
152.096,26.5,152.096,71.1
154.096,26.5,154.096,71
156.093,26.6,156.093,70.7
158.093,26.6,158.093,70.7
160.094,26.6,160.094,70.6
162.098,26.7,162.098,70.2
164.097,26.8,164.097,70.1
166.096,26.8,166.096,69.8
168.096,26.9,168.096,69.7
170.097,26.9,170.097,69.6
172.094,26.9,172.094,69.4
174.094,27,174.094,69.4
176.094,27,176.094,69.2
178.098,27.1,178.098,68.9
180.097,27.2,180.097,68.7
182.096,27.2,182.096,68.7
184.096,27.3,184.096,68.5
186.097,27.3,186.097,68.3
188.094,27.3,188.094,68.1
190.094,27.3,190.094,68.1
192.094,27.4,192.094,68
194.098,27.5,194.098,67.7
196.097,27.5,196.097,67.6
198.096,27.5,198.096,67.5
200.096,27.5,200.096,67.3
202.097,27.6,202.097,67.2
204.097,27.6,204.097,67.1
206.097,27.7,206.097,66.9
208.098,27.7,208.098,66.8
210.098,27.7,210.098,66.7
212.097,27.8,212.097,66.6
214.096,27.8,214.096,66.5
216.096,27.8,216.096,66.3
218.097,27.8,218.097,66.2
220.097,27.9,220.097,66.1
222.098,27.9,222.098,66
224.098,27.9,224.098,65.9
226.097,28,226.097,65.8
228.097,28,228.097,65.8
230.096,28,230.096,65.7
232.096,28,232.096,65.8
234.097,28.1,234.097,65.7
236.097,28.1,236.097,65.7
238.097,28.1,238.097,65.7
240.098,28.1,240.098,65.6
242.098,28.2,242.098,65.6
244.097,28.2,244.097,65.6
246.096,28.2,246.096,65.6
248.096,28.2,248.096,65.6
250.097,28.2,250.097,65.5
252.097,28.3,252.097,65.4
254.097,28.3,254.097,65.3
256.098,28.3,256.098,65.3
258.097,28.4,258.097,65.2
260.097,28.4,260.097,65
262.096,28.4,262.096,65
264.096,28.4,264.096,64.8
266.097,28.4,266.097,64.7
268.097,28.5,268.097,64.6
270.097,28.5,270.097,64.6
272.098,28.5,272.098,64.5
274.098,28.5,274.098,64.4
276.097,28.5,276.097,64.3
278.096,28.6,278.096,64.2
280.096,28.6,280.096,64.2
282.097,28.6,282.097,64.1
284.097,28.6,284.097,64.1
286.097,28.6,286.097,64
288.097,28.7,288.097,63.9
290.097,28.7,290.097,63.9
292.097,28.7,292.097,63.7
294.096,28.7,294.096,63.7
296.096,28.7,296.096,63.7
298.097,28.7,298.097,63.6
300.097,28.7,300.097,63.5
302.098,28.8,302.098,63.4
304.098,28.7,304.098,63.4
306.097,28.8,306.097,63.3
308.097,28.8,308.097,63.2
310.096,28.8,310.096,63.2
312.096,28.8,312.096,63.1
314.097,28.8,314.097,63.1
316.097,28.8,316.097,63
318.097,28.9,318.097,63
320.098,28.9,320.098,62.9
322.098,28.9,322.098,62.9
324.097,28.9,324.097,62.8
326.096,28.9,326.096,62.8
328.096,28.9,328.096,62.7
330.097,28.9,330.097,62.7
332.097,28.9,332.097,62.7
334.098,28.9,334.098,62.6
336.098,29,336.098,62.5
338.098,29,338.098,62.5
340.097,29,340.097,62.4
342.096,29,342.096,62.4
344.096,29,344.096,62.4
346.097,29,346.097,62.3
348.097,29,348.097,62.2
350.097,29,350.097,62.2
352.098,29,352.098,62.2
354.097,29,354.097,62.2
356.097,29.1,356.097,62.1
358.096,29.1,358.096,62.1
360.097,29.1,360.097,62
362.097,29.1,362.097,62
364.094,29.1,364.094,62
366.094,29.1,366.094,62
368.094,29.1,368.094,61.9
370.097,29.1,370.097,61.8
372.097,29.1,372.097,61.8
374.096,29.1,374.096,61.8
376.097,29.1,376.097,61.7
378.097,29.1,378.097,61.7
380.094,29.1,380.094,61.7
382.094,29.1,382.094,61.7
384.094,29.1,384.094,61.6
386.097,29.1,386.097,61.6
388.097,29.1,388.097,61.5
390.096,29.1,390.096,61.5
392.097,29.1,392.097,61.5
394.097,29.1,394.097,61.5
396.094,29.2,396.094,61.4
398.094,29.1,398.094,61.4
400.094,29.2,400.094,61.4
402.097,29.2,402.097,61.3
404.097,29.2,404.097,61.3
406.096,29.2,406.096,61.3
408.097,29.2,408.097,61.3
410.097,29.2,410.097,61.3
412.094,29.2,412.094,61.3
414.093,29.2,414.093,61.3
416.094,29.2,416.094,61.2
418.097,29.2,418.097,61.2
420.097,29.2,420.097,61.2
422.096,29.2,422.096,61.1
424.097,29.2,424.097,61.2
426.097,29.2,426.097,61.1
428.094,29.2,428.094,61.1
430.093,29.2,430.093,61.1
432.094,29.2,432.094,61
434.098,29.2,434.098,61.1
436.097,29.2,436.097,61
438.096,29.2,438.096,61
440.097,29.2,440.097,61.1
442.097,29.2,442.097,61
444.093,29.2,444.093,61
446.093,29.2,446.093,61
448.094,29.2,448.094,60.9
450.098,29.2,450.098,60.9
452.097,29.2,452.097,60.9
454.096,29.2,454.096,60.9
456.097,29.2,456.097,60.9
458.097,29.2,458.097,60.9
460.093,29.3,460.093,60.9
462.094,29.3,462.094,60.9
464.094,29.3,464.094,60.9
466.097,29.3,466.097,60.9
468.097,29.3,468.097,60.8
470.096,29.3,470.096,60.9
472.097,29.3,472.097,60.9
474.097,29.3,474.097,60.8
476.094,29.3,476.094,60.9
478.094,29.3,478.094,60.9
480.094,29.3,480.094,60.9
482.097,29.3,482.097,60.8
484.097,29.3,484.097,60.9
486.096,29.3,486.096,60.9
488.097,29.3,488.097,60.8
490.097,29.3,490.097,60.8
492.094,29.3,492.094,60.8
494.094,29.3,494.094,60.8
496.094,29.3,496.094,60.8
498.098,29.3,498.098,60.7
500.097,29.4,500.097,60.8
502.096,29.4,502.096,60.8
504.097,29.4,504.097,60.7
506.097,29.4,506.097,60.8
508.094,29.4,508.094,60.7
510.094,29.4,510.094,60.7
512.094,29.4,512.094,60.7
514.097,29.4,514.097,60.7
516.097,29.4,516.097,60.7
518.096,29.4,518.096,60.7
520.097,29.4,520.097,60.7
522.097,29.4,522.097,60.7
524.094,29.4,524.094,60.6
526.094,29.4,526.094,60.6
528.094,29.4,528.094,60.7
530.097,29.4,530.097,60.6
532.097,29.4,532.097,60.6
534.097,29.4,534.097,60.6
536.097,29.4,536.097,60.6
538.097,29.4,538.097,60.6
540.094,29.4,540.094,60.6
542.094,29.4,542.094,60.6
544.094,29.4,544.094,60.6
546.097,29.5,546.097,60.6
548.097,29.5,548.097,60.6
550.097,29.5,550.097,60.5
552.097,29.5,552.097,60.5
554.098,29.5,554.098,60.5
556.093,29.5,556.093,60.5
558.092,29.5,558.092,60.5
560.094,29.5,560.094,60.5
562.097,29.5,562.097,60.5
564.097,29.5,564.097,60.4
566.097,29.5,566.097,60.4
568.097,29.5,568.097,60.4
570.097,29.5,570.097,60.5
572.093,29.5,572.093,60.4
574.092,29.5,574.092,60.4
576.094,29.5,576.094,60.4
578.097,29.5,578.097,60.4
580.097,29.5,580.097,60.4
582.097,29.5,582.097,60.4
584.097,29.5,584.097,60.3
586.097,29.5,586.097,60.3
588.093,29.6,588.093,60.4
590.092,29.5,590.092,60.4
592.094,29.6,592.094,60.4
594.097,29.6,594.097,60.3
596.097,29.6,596.097,60.3
598.097,29.6,598.097,60.2
600.097,29.5,600.097,60.2
602.097,29.5,602.097,60.2
604.093,29.6,604.093,60.2
606.093,29.6,606.093,60.2
608.094,29.6,608.094,60.2
610.097,29.6,610.097,60.2
612.097,29.6,612.097,60.2
614.097,29.6,614.097,60.1
616.097,29.6,616.097,60.2
618.097,29.6,618.097,60.2
620.093,29.6,620.093,60.2
622.093,29.6,622.093,60.2
624.094,29.6,624.094,60.1
626.097,29.6,626.097,60.2
628.097,29.6,628.097,60.2
630.097,29.6,630.097,60.1
632.097,29.6,632.097,60.1
634.097,29.6,634.097,60.2
636.093,29.6,636.093,60.1
638.093,29.6,638.093,60.1
640.094,29.7,640.094,60.1
642.097,29.6,642.097,60.1
644.097,29.7,644.097,60.1
646.097,29.7,646.097,60.1
648.097,29.7,648.097,60.1
650.097,29.7,650.097,60
652.094,29.7,652.094,60.1
654.094,29.7,654.094,60.1
656.094,29.7,656.094,60.1
658.097,29.7,658.097,60
660.098,29.7,660.098,60
662.097,29.7,662.097,60
664.097,29.7,664.097,60.1
666.097,29.7,666.097,60.1
668.094,29.7,668.094,60.2
670.094,29.7,670.094,60.2
672.094,29.7,672.094,60.3
674.097,29.7,674.097,60.4
676.098,29.7,676.098,60.6
678.097,29.8,678.097,60.6
680.097,29.8,680.097,60.5
682.098,29.8,682.098,60.5
684.093,29.8,684.093,60.6
686.092,29.8,686.092,60.6
688.094,29.8,688.094,60.5
690.097,29.8,690.097,60.5
692.098,29.8,692.098,60.6
694.097,29.8,694.097,60.5
696.097,29.8,696.097,60.5
698.098,29.8,698.098,60.4
700.093,29.8,700.093,60.4
702.092,29.8,702.092,60.4
704.094,29.8,704.094,60.4
706.097,29.9,706.097,60.4
708.098,29.8,708.098,60.4
710.097,29.9,710.097,60.4
712.097,29.9,712.097,60.4
714.098,29.9,714.098,60.4
716.093,29.9,716.093,60.4
718.092,29.9,718.092,60.4
720.094,29.9,720.094,60.4
722.097,29.9,722.097,60.4
724.098,29.9,724.098,60.4
726.097,29.9,726.097,60.4
728.097,30,728.097,60.4
730.098,30,730.098,60.4
732.092,30,732.092,60.4
734.092,30,734.092,60.4
736.094,29.9,736.094,60.3
738.097,30,738.097,60.3
740.098,30,740.098,60.2
742.097,30,742.097,60.2
744.097,30,744.097,60.1
746.097,30,746.097,60.1
748.093,30,748.093,60.1
750.092,30,750.092,60.1
752.094,30,752.094,60.1
754.097,30,754.097,60
756.098,30,756.098,60
758.097,30,758.097,60
760.097,30,760.097,60
762.098,30,762.098,60
764.093,30,764.093,59.9
766.093,30,766.093,59.9
768.094,30,768.094,59.9
770.097,30.1,770.097,59.9
772.098,30.1,772.098,59.9
774.097,30.1,774.097,59.8
776.097,30.1,776.097,59.9
778.098,30.1,778.098,59.9
780.094,30,780.094,59.9
782.093,30.1,782.093,59.9
784.094,30.1,784.094,59.8
786.097,30.1,786.097,59.8
788.098,30.1,788.098,59.7
790.097,30.1,790.097,59.8
792.097,30.1,792.097,59.7
794.098,30.1,794.098,59.8
796.094,30.1,796.094,59.8
798.093,30.1,798.093,59.8
800.094,30.1,800.094,59.8
802.097,30.1,802.097,59.8
804.098,30.1,804.098,59.7
806.097,30.1,806.097,59.7
808.097,30.1,808.097,59.7
810.098,30.1,810.098,59.7
812.094,30.1,812.094,59.7
814.093,30.1,814.093,59.7
816.094,30.1,816.094,59.7
818.097,30.1,818.097,59.7
820.098,30.1,820.098,59.7
822.097,30.1,822.097,59.7
824.097,30.1,824.097,59.7
826.098,30.1,826.098,59.7
828.093,30.1,828.093,59.7
830.093,30.1,830.093,59.7
832.094,30.1,832.094,59.7
834.097,30.1,834.097,59.7
836.098,30.1,836.098,59.7
838.097,30.1,838.097,59.6
840.097,30.2,840.097,59.7
842.098,30.2,842.098,59.7
844.092,30.1,844.092,59.7
846.094,30.1,846.094,59.7
848.094,30.1,848.094,59.7
850.097,30.2,850.097,59.7
852.098,30.1,852.098,59.7
854.097,30.1,854.097,59.8
856.097,30.1,856.097,59.8
858.098,30.1,858.098,59.8
860.093,30.2,860.093,59.9
862.093,30.2,862.093,59.9
864.094,30.2,864.094,59.9
866.097,30.2,866.097,59.8
868.098,30.2,868.098,59.9
870.097,30.2,870.097,59.9
872.097,30.2,872.097,59.9
874.098,30.2,874.098,59.9
876.092,30.2,876.092,59.9
878.093,30.2,878.093,59.9
880.094,30.2,880.094,59.8
882.098,30.2,882.098,59.9
884.098,30.2,884.098,59.9
886.097,30.2,886.097,59.8
888.098,30.2,888.098,59.9
890.098,30.2,890.098,59.9
892.092,30.2,892.092,59.8
894.093,30.2,894.093,59.8
896.094,30.2,896.094,59.8
898.098,30.2,898.098,59.8
900.098,30.2,900.098,59.8
902.097,30.2,902.097,59.8
904.098,30.2,904.098,59.8
906.098,30.2,906.098,59.8
908.092,30.2,908.092,59.8
910.093,30.2,910.093,59.8
912.094,30.2,912.094,59.8
914.098,30.2,914.098,59.8
916.098,30.2,916.098,59.7
918.097,30.2,918.097,59.8
920.098,30.3,920.098,59.8
922.098,30.3,922.098,59.8
924.092,30.3,924.092,59.7
926.093,30.2,926.093,59.7
928.094,30.3,928.094,59.7
930.098,30.3,930.098,59.8
932.098,30.3,932.098,59.7
934.097,30.3,934.097,59.8
936.098,30.3,936.098,59.7
938.097,30.3,938.097,59.8
940.092,30.3,940.092,59.8
942.093,30.3,942.093,59.8
944.094,30.3,944.094,59.8
946.098,30.3,946.098,59.8
948.098,30.3,948.098,59.8
950.097,30.3,950.097,59.8
952.098,30.3,952.098,59.8
954.098,30.3,954.098,59.8
956.092,30.3,956.092,59.8
958.093,30.3,958.093,59.8
960.094,30.3,960.094,59.8
962.098,30.3,962.098,59.8
964.098,30.3,964.098,59.8
966.097,30.3,966.097,59.8
968.098,30.3,968.098,59.9
970.097,30.3,970.097,59.8
972.093,30.3,972.093,59.9
974.093,30.3,974.093,59.9
976.094,30.3,976.094,59.8
978.098,30.4,978.098,59.9
980.098,30.3,980.098,59.8
982.097,30.4,982.097,59.8
984.097,30.4,984.097,59.8
986.098,30.4,986.098,59.8
988.092,30.4,988.092,59.9
990.094,30.4,990.094,59.9
992.094,30.4,992.094,59.9
994.098,30.4,994.098,59.9
996.098,30.4,996.098,59.9
998.097,30.4,998.097,59.9
1000.098,30.4,1000.098,59.9
1002.1,30.4,1002.1,59.9
1004.095,30.4,1004.095,59.9
1006.095,30.4,1006.095,59.9
1008.096,30.4,1008.096,59.9
1010.1,30.4,1010.1,59.9
1012.1,30.4,1012.1,59.9
1014.099,30.5,1014.099,59.9
1016.1,30.5,1016.1,59.9
1018.099,30.5,1018.099,59.9
1020.095,30.5,1020.095,59.9
1022.095,30.5,1022.095,59.9
1024.096,30.5,1024.096,59.8
1026.1,30.5,1026.1,59.8
1028.1,30.5,1028.1,59.9
1030.1,30.5,1030.1,59.8
1032.1,30.5,1032.1,59.8
1034.1,30.5,1034.1,59.8
1036.095,30.5,1036.095,59.8
1038.095,30.5,1038.095,59.8
1040.096,30.5,1040.096,59.9
1042.1,30.5,1042.1,59.9
1044.1,30.5,1044.1,59.9
1046.1,30.5,1046.1,59.9
1048.1,30.5,1048.1,59.9
1050.099,30.5,1050.099,59.9
1052.095,30.5,1052.095,59.8
1054.095,30.5,1054.095,59.8
1056.096,30.5,1056.096,59.8
1058.1,30.6,1058.1,59.8
1060.1,30.6,1060.1,59.7
1062.099,30.5,1062.099,59.7
1064.1,30.6,1064.1,59.7
1066.1,30.6,1066.1,59.7
1068.095,30.6,1068.095,59.7
1070.096,30.6,1070.096,59.7
1072.096,30.6,1072.096,59.7
1074.1,30.6,1074.1,59.6
1076.1,30.6,1076.1,59.6
1078.099,30.6,1078.099,59.6
1080.1,30.6,1080.1,59.6
1082.1,30.6,1082.1,59.5
1084.095,30.6,1084.095,59.5
1086.096,30.6,1086.096,59.5
1088.096,30.6,1088.096,59.5
1090.1,30.6,1090.1,59.5
1092.1,30.6,1092.1,59.5
1094.099,30.6,1094.099,59.5
1096.1,30.6,1096.1,59.5
1098.1,30.6,1098.1,59.5
1100.095,30.6,1100.095,59.4
1102.096,30.6,1102.096,59.4
1104.096,30.6,1104.096,59.5
1106.1,30.6,1106.1,59.5
1108.1,30.6,1108.1,59.5
1110.099,30.6,1110.099,59.5
1112.1,30.7,1112.1,59.6
1114.099,30.7,1114.099,59.6
1116.095,30.6,1116.095,59.5
1118.096,30.7,1118.096,59.5
1120.096,30.6,1120.096,59.5
1122.1,30.7,1122.1,59.5
1124.1,30.7,1124.1,59.5
1126.1,30.7,1126.1,59.5
1128.1,30.7,1128.1,59.5
1130.099,30.7,1130.099,59.5
1132.095,30.7,1132.095,59.6
1134.095,30.7,1134.095,59.6
1136.096,30.7,1136.096,59.5
1138.1,30.7,1138.1,59.6
1140.1,30.7,1140.1,59.6
1142.1,30.7,1142.1,59.7
1144.1,30.7,1144.1,59.8
1146.099,30.7,1146.099,59.9
1148.095,30.7,1148.095,59.9
1150.095,30.7,1150.095,59.9
1152.096,30.7,1152.096,60
1154.1,30.8,1154.1,60.2
1156.1,30.8,1156.1,60.2
1158.1,30.8,1158.1,60.2
1160.1,30.8,1160.1,60.1
1162.099,30.8,1162.099,59.9
1164.095,30.8,1164.095,59.9
1166.096,30.8,1166.096,59.8
1168.096,30.9,1168.096,59.8
1170.096,30.9,1170.096,59.7
1172.096,30.9,1172.096,59.7
1174.095,30.9,1174.095,59.6
1176.094,30.9,1176.094,59.6
1178.095,30.9,1178.095,59.5
1180.095,30.9,1180.095,59.5
1182.096,30.9,1182.096,59.5
1184.096,30.9,1184.096,59.4
1186.096,30.9,1186.096,59.4
1188.096,31,1188.096,59.3
1190.096,31,1190.096,59.3
1192.095,31,1192.095,59.3
1194.094,31,1194.094,59.3
1196.095,31,1196.095,59.2
1198.096,31,1198.096,59.2
1200.097,31,1200.097,59.2
1202.1,31,1202.1,59.2
1204.1,31,1204.1,59.1
1206.1,31,1206.1,59.1
1208.1,31,1208.1,59
1210.099,31,1210.099,59
1212.095,31,1212.095,59
1214.096,31,1214.096,58.9
1216.096,31,1216.096,58.9
1218.096,31,1218.096,59
1220.096,31,1220.096,58.9
1222.095,31,1222.095,58.9
1224.094,31,1224.094,58.9
1226.095,31,1226.095,58.9
1228.095,31,1228.095,58.9
1230.096,31.1,1230.096,58.9
1232.097,31,1232.097,58.8
1234.1,31,1234.1,58.8
1236.1,31,1236.1,58.8
1238.1,31,1238.1,58.8
1240.1,31.1,1240.1,58.8
1242.099,31.1,1242.099,58.8
1244.096,31,1244.096,58.8
1246.096,31,1246.096,58.8
1248.097,31,1248.097,58.8
