Temp Time,Temp Value,Hum Time,Hum Value
0.0,25.5,0.0,87.7
2.086,25.5,2.086,87.8
4.092,25.6,4.092,87.8
6.093,25.6,6.093,87.8
8.092,25.6,8.092,87.8
10.092,25.6,10.092,87.8
12.092,25.6,12.092,87.8
14.092,25.6,14.092,87.8
16.092,25.6,16.092,87.9
18.095,25.6,18.095,87.9
20.096,25.7,20.096,87.8
22.094,25.7,22.094,87.8
24.094,25.7,24.094,87.8
26.094,25.7,26.094,87.8
28.092,25.7,28.092,87.9
30.092,25.8,30.092,87.9
32.092,25.8,32.092,87.8
34.095,25.9,34.095,87.8
36.094,25.9,36.094,87.7
38.094,26.0,38.094,87.7
40.094,26.0,40.094,87.7
42.094,26.0,42.094,87.6
44.092,26.1,44.092,87.5
46.092,26.1,46.092,87.5
48.092,26.2,48.092,87.4
50.096,26.3,50.096,87.1
52.094,26.3,52.094,87.0
54.094,26.4,54.094,87.0
56.094,26.5,56.094,86.8
58.094,26.5,58.094,86.6
60.092,26.5,60.092,86.5
62.092,26.6,62.092,86.5
64.092,26.7,64.092,86.3
66.095,26.8,66.095,85.9
68.094,26.8,68.094,85.8
70.094,26.9,70.094,85.6
72.094,27.0,72.094,85.4
74.094,27.0,74.094,85.2
76.092,27.1,76.092,85.0
78.092,27.1,78.092,85.0
80.092,27.2,80.092,84.9
82.095,27.3,82.095,84.5
84.096,27.4,84.096,84.3
86.094,27.5,86.094,84.2
88.094,27.5,88.094,83.9
90.094,27.5,90.094,83.7
92.092,27.6,92.092,83.5
94.092,27.7,94.092,83.5
96.092,27.7,96.092,83.3
98.095,27.9,98.095,83.0
100.094,27.9,100.094,82.7
102.096,28.0,102.096,82.5
104.096,28.1,104.096,82.4
106.096,28.1,106.096,82.1
108.094,28.2,108.094,81.9
110.093,28.2,110.093,81.9
112.094,28.3,112.094,81.7
114.098,28.4,114.098,81.2
116.098,28.5,116.098,81.0
118.096,28.5,118.096,80.7
120.096,28.6,120.096,80.5
122.096,28.6,122.096,80.3
124.093,28.7,124.093,80.1
126.094,28.7,126.094,80.1
128.094,28.8,128.094,79.8
130.097,28.9,130.097,79.4
132.097,28.9,132.097,79.1
134.096,29.0,134.096,78.9
136.096,29.1,136.096,78.8
138.097,29.1,138.097,78.5
140.094,29.1,140.094,78.3
142.094,29.2,142.094,78.3
144.094,29.2,144.094,78.1
146.098,29.4,146.098,77.7
148.098,29.4,148.098,77.5
150.096,29.5,150.096,77.3
152.096,29.5,152.096,77.2
154.097,29.6,154.097,77.0
156.097,29.6,156.097,76.8
158.097,29.7,158.097,76.7
160.098,29.7,160.098,76.5
162.097,29.8,162.097,76.4
164.097,29.8,164.097,76.4
166.096,29.9,166.096,76.2
168.096,29.9,168.096,76.1
170.097,30.0,170.097,76.0
172.097,30.0,172.097,75.8
174.097,30.1,174.097,75.7
176.098,30.1,176.098,75.5
178.097,30.1,178.097,75.3
180.097,30.2,180.097,75.2
182.096,30.2,182.096,74.9
184.096,30.3,184.096,74.8
186.097,30.3,186.097,74.6
188.097,30.4,188.097,74.4
190.097,30.4,190.097,74.2
192.097,30.4,192.097,74.0
194.098,30.5,194.098,73.8
196.097,30.5,196.097,73.7
198.096,30.6,198.096,73.5
200.096,30.6,200.096,73.4
202.097,30.6,202.097,73.2
204.097,30.7,204.097,73.0
206.097,30.7,206.097,72.9
208.098,30.7,208.098,72.8
210.098,30.7,210.098,72.6
212.097,30.8,212.097,72.5
214.096,30.8,214.096,72.4
216.096,30.8,216.096,72.2
218.097,30.9,218.097,72.1
220.097,30.9,220.097,72.0
222.097,30.9,222.097,71.9
224.098,31.0,224.098,71.8
226.098,31.0,226.098,71.7
228.097,31.0,228.097,71.5
230.096,31.1,230.096,71.5
232.096,31.1,232.096,71.4
234.097,31.1,234.097,71.3
236.097,31.1,236.097,71.1
238.097,31.1,238.097,71.1
240.097,31.2,240.097,71.0
242.097,31.2,242.097,70.9
244.098,31.2,244.098,70.8
246.096,31.3,246.096,70.7
248.096,31.3,248.096,70.6
250.097,31.3,250.097,70.5
252.097,31.4,252.097,70.5
254.098,31.4,254.098,70.4
256.098,31.4,256.098,70.4
258.097,31.4,258.097,70.3
260.097,31.4,260.097,70.2
262.096,31.5,262.096,70.1
264.096,31.5,264.096,70.0
266.097,31.5,266.097,69.9
268.098,31.5,268.098,69.9
270.098,31.5,270.098,69.8
272.097,31.5,272.097,69.7
274.097,31.6,274.097,69.6
276.097,31.6,276.097,69.5
278.096,31.6,278.096,69.5
280.096,31.6,280.096,69.5
282.097,31.6,282.097,69.3
284.097,31.7,284.097,69.4
286.098,31.7,286.098,69.3
288.097,31.7,288.097,69.2
290.097,31.7,290.097,69.2
292.097,31.7,292.097,69.1
294.096,31.7,294.096,69.0
296.096,31.8,296.096,68.9
298.097,31.8,298.097,68.8
300.097,31.8,300.097,68.8
302.098,31.8,302.098,68.7
304.097,31.8,304.097,68.6
306.097,31.9,306.097,68.5
308.097,31.9,308.097,68.4
310.096,31.9,310.096,68.4
312.096,31.9,312.096,68.3
314.097,31.9,314.097,68.3
316.098,31.9,316.098,68.3
318.097,31.9,318.097,68.3
320.097,31.9,320.097,68.3
322.097,32.0,322.097,68.3
324.097,32.0,324.097,68.3
326.096,32.0,326.096,68.2
328.096,32.0,328.096,68.2
330.097,32.0,330.097,68.2
332.097,32.0,332.097,68.2
334.097,32.1,334.097,68.2
336.098,32.1,336.098,68.2
338.097,32.1,338.097,68.2
340.097,32.1,340.097,68.2
342.096,32.1,342.096,68.1
344.096,32.1,344.096,68.1
346.097,32.1,346.097,68.0
348.094,32.1,348.094,67.9
350.094,32.1,350.094,67.9
352.094,32.1,352.094,67.9
354.097,32.2,354.097,67.8
356.097,32.2,356.097,67.8
358.096,32.2,358.096,67.7
360.097,32.2,360.097,67.7
362.097,32.2,362.097,67.6
364.097,32.2,364.097,67.5
366.097,32.2,366.097,67.5
368.098,32.3,368.098,67.5
370.097,32.3,370.097,67.5
372.097,32.3,372.097,67.4
374.096,32.3,374.096,67.4
376.097,32.3,376.097,67.4
378.097,32.3,378.097,67.4
380.094,32.3,380.094,67.4
382.094,32.3,382.094,67.4
384.094,32.3,384.094,67.4
386.098,32.3,386.098,67.4
388.097,32.4,388.097,67.4
390.096,32.4,390.096,67.4
392.097,32.4,392.097,67.4
394.097,32.4,394.097,67.4
396.094,32.4,396.094,67.4
398.094,32.4,398.094,67.4
400.094,32.4,400.094,67.3
402.098,32.4,402.098,67.2
404.097,32.4,404.097,67.1
406.096,32.4,406.096,67.1
408.097,32.5,408.097,67.0
410.097,32.5,410.097,67.0
412.093,32.5,412.093,66.9
414.093,32.5,414.093,66.9
416.094,32.5,416.094,66.9
418.097,32.5,418.097,66.8
420.097,32.5,420.097,66.7
422.096,32.5,422.096,66.8
424.097,32.6,424.097,66.7
426.097,32.6,426.097,66.7
428.094,32.5,428.094,66.7
430.094,32.6,430.094,66.7
432.094,32.6,432.094,66.6
434.097,32.6,434.097,66.6
436.097,32.6,436.097,66.5
438.096,32.6,438.096,66.6
440.097,32.6,440.097,66.6
442.097,32.6,442.097,66.6
444.094,32.6,444.094,66.6
446.094,32.6,446.094,66.6
448.094,32.6,448.094,66.6
450.097,32.7,450.097,66.6
452.097,32.7,452.097,66.6
454.096,32.7,454.096,66.6
456.097,32.7,456.097,66.6
458.097,32.7,458.097,66.6
460.094,32.7,460.094,66.6
462.094,32.7,462.094,66.6
464.094,32.7,464.094,66.5
466.097,32.7,466.097,66.5
468.097,32.7,468.097,66.5
470.096,32.7,470.096,66.4
472.097,32.8,472.097,66.3
474.097,32.8,474.097,66.3
476.093,32.8,476.093,66.3
478.093,32.8,478.093,66.3
480.094,32.8,480.094,66.3
482.097,32.8,482.097,66.2
484.097,32.8,484.097,66.2
486.096,32.8,486.096,66.2
488.097,32.8,488.097,66.2
490.097,32.8,490.097,66.2
492.093,32.8,492.093,66.2
494.093,32.8,494.093,66.2
496.094,32.8,496.094,66.2
498.097,32.8,498.097,66.1
500.097,32.8,500.097,66.1
502.096,32.9,502.096,66.2
504.097,32.9,504.097,66.1
506.097,32.9,506.097,66.0
508.094,32.9,508.094,66.0
510.094,32.9,510.094,66.0
512.094,32.9,512.094,65.9
514.097,32.9,514.097,65.8
516.097,32.9,516.097,65.8
518.096,32.9,518.096,65.7
520.097,32.9,520.097,65.7
522.097,32.9,522.097,65.7
524.094,32.9,524.094,65.6
526.094,32.9,526.094,65.6
528.094,32.9,528.094,65.6
530.097,33.0,530.097,65.5
532.097,32.9,532.097,65.4
534.097,32.9,534.097,65.3
536.097,33.0,536.097,65.3
538.097,33.0,538.097,65.3
540.094,33.0,540.094,65.2
542.093,33.0,542.093,65.2
544.094,33.0,544.094,65.2
546.097,33.0,546.097,65.1
548.097,33.0,548.097,65.1
550.097,33.0,550.097,65.0
552.097,33.0,552.097,65.0
554.097,33.0,554.097,65.0
556.094,33.0,556.094,65.0
558.093,33.0,558.093,65.0
560.094,33.0,560.094,64.9
562.097,33.0,562.097,64.9
564.097,33.0,564.097,64.9
566.097,33.0,566.097,64.9
568.097,33.0,568.097,64.8
570.097,33.0,570.097,64.8
572.093,33.0,572.093,64.8
574.093,33.0,574.093,64.8
576.094,33.0,576.094,64.8
578.097,33.0,578.097,64.8
580.097,33.0,580.097,64.8
582.097,33.0,582.097,64.7
584.097,33.0,584.097,64.7
586.097,33.0,586.097,64.7
588.093,33.0,588.093,64.6
590.093,33.0,590.093,64.6
592.094,33.0,592.094,64.7
594.097,33.0,594.097,64.7
596.097,33.0,596.097,64.7
598.097,33.0,598.097,64.8
600.097,33.0,600.097,64.7
602.097,33.0,602.097,64.8
604.094,33.0,604.094,64.7
606.094,33.0,606.094,64.7
608.094,33.0,608.094,64.7
610.097,33.0,610.097,64.7
612.097,33.0,612.097,64.8
614.097,33.0,614.097,64.7
616.097,33.0,616.097,64.8
618.097,33.0,618.097,64.8
620.094,33.0,620.094,64.8
622.093,33.0,622.093,64.8
624.094,33.0,624.094,64.7
626.097,33.0,626.097,64.7
628.097,33.0,628.097,64.6
630.097,33.0,630.097,64.7
632.097,33.0,632.097,64.6
634.097,33.0,634.097,64.6
636.094,33.0,636.094,64.6
638.092,33.0,638.092,64.6
640.094,33.0,640.094,64.6
642.097,33.0,642.097,64.6
644.097,33.0,644.097,64.6
646.097,33.0,646.097,64.6
648.097,33.0,648.097,64.6
650.097,33.0,650.097,64.6
652.094,33.0,652.094,64.6
654.093,33.0,654.093,64.6
656.094,33.0,656.094,64.6
658.097,33.1,658.097,64.6
660.097,33.1,660.097,64.5
662.097,33.1,662.097,64.5
664.097,33.1,664.097,64.5
666.097,33.1,666.097,64.5
668.094,33.0,668.094,64.5
670.092,33.1,670.092,64.5
672.094,33.1,672.094,64.5
674.097,33.1,674.097,64.5
676.097,33.1,676.097,64.5
678.097,33.1,678.097,64.5
680.097,33.1,680.097,64.4
682.097,33.1,682.097,64.4
684.094,33.1,684.094,64.3
686.094,33.1,686.094,64.3
688.094,33.1,688.094,64.3
690.097,33.1,690.097,64.3
692.097,33.1,692.097,64.3
694.097,33.1,694.097,64.4
696.097,33.1,696.097,64.4
698.097,33.1,698.097,64.3
700.094,33.1,700.094,64.3
702.094,33.1,702.094,64.3
704.094,33.1,704.094,64.3
706.097,33.1,706.097,64.3
708.097,33.1,708.097,64.2
710.097,33.1,710.097,64.2
712.097,33.1,712.097,64.2
714.097,33.1,714.097,64.2
716.094,33.1,716.094,64.2
718.094,33.1,718.094,64.2
720.094,33.1,720.094,64.2
722.097,33.1,722.097,64.2
724.097,33.1,724.097,64.2
726.097,33.1,726.097,64.2
728.097,33.1,728.097,64.2
730.097,33.1,730.097,64.2
732.094,33.1,732.094,64.2
734.094,33.1,734.094,64.2
736.094,33.1,736.094,64.1
738.097,33.1,738.097,64.1
740.098,33.1,740.098,64.1
742.097,33.1,742.097,64.1
744.097,33.1,744.097,64.1
746.098,33.1,746.098,64.1
748.094,33.1,748.094,64.1
750.093,33.1,750.093,64.1
752.094,33.1,752.094,64.1
754.097,33.1,754.097,64.1
756.098,33.1,756.098,64.0
758.097,33.1,758.097,64.0
760.097,33.1,760.097,64.0
762.097,33.1,762.097,64.0
764.094,33.1,764.094,64.0
766.094,33.1,766.094,64.0
768.094,33.1,768.094,63.9
770.097,33.1,770.097,64.0
772.098,33.2,772.098,63.9
774.097,33.2,774.097,63.9
776.098,33.2,776.098,63.9
778.098,33.2,778.098,63.9
780.093,33.2,780.093,63.8
782.094,33.2,782.094,63.8
784.094,33.2,784.094,63.8
786.097,33.2,786.097,63.9
788.098,33.2,788.098,63.8
790.097,33.2,790.097,63.8
792.098,33.2,792.098,63.8
794.098,33.2,794.098,63.8
796.093,33.2,796.093,63.8
798.094,33.2,798.094,63.8
800.094,33.2,800.094,63.8
802.097,33.2,802.097,63.7
804.098,33.2,804.098,63.7
806.097,33.2,806.097,63.7
808.097,33.2,808.097,63.7
810.098,33.2,810.098,63.7
812.093,33.2,812.093,63.7
814.094,33.2,814.094,63.7
816.094,33.2,816.094,63.7
818.097,33.2,818.097,63.6
820.098,33.2,820.098,63.6
822.097,33.2,822.097,63.6
824.097,33.2,824.097,63.6
826.098,33.2,826.098,63.6
828.093,33.2,828.093,63.6
830.094,33.2,830.094,63.6
832.094,33.2,832.094,63.7
834.097,33.2,834.097,63.7
836.098,33.2,836.098,63.7
838.097,33.2,838.097,63.7
840.097,33.2,840.097,63.7
842.098,33.2,842.098,63.7
844.093,33.2,844.093,63.7
846.094,33.2,846.094,63.7
848.094,33.2,848.094,63.7
850.097,33.2,850.097,63.7
852.098,33.2,852.098,63.7
854.097,33.2,854.097,63.7
856.098,33.2,856.098,63.7
858.098,33.2,858.098,63.7
860.093,33.2,860.093,63.7
862.094,33.2,862.094,63.7
864.094,33.2,864.094,63.7
866.097,33.2,866.097,63.7
868.098,33.2,868.098,63.6
870.097,33.2,870.097,63.6
872.098,33.2,872.098,63.6
874.098,33.2,874.098,63.7
876.093,33.2,876.093,63.7
878.094,33.2,878.094,63.7
880.094,33.2,880.094,63.7
882.097,33.2,882.097,63.9
884.098,33.2,884.098,64.1
886.097,33.2,886.097,64.2
888.097,33.2,888.097,64.3
890.098,33.2,890.098,64.3
892.094,33.2,892.094,64.4
894.093,33.2,894.093,64.4
896.094,33.2,896.094,64.4
898.097,33.3,898.097,64.4
900.098,33.3,900.098,64.3
902.097,33.3,902.097,64.2
904.097,33.3,904.097,64.1
906.098,33.3,906.098,64.1
908.094,33.3,908.094,64.1
910.093,33.3,910.093,64.1
912.094,33.3,912.094,64.0
914.097,33.3,914.097,64.0
916.098,33.3,916.098,63.9
918.098,33.3,918.098,63.8
920.098,33.3,920.098,63.8
922.097,33.3,922.097,63.8
924.094,33.3,924.094,63.7
926.094,33.3,926.094,63.7
928.094,33.3,928.094,63.7
930.097,33.3,930.097,63.7
932.098,33.3,932.098,63.6
934.097,33.3,934.097,63.5
936.098,33.3,936.098,63.6
938.098,33.3,938.098,63.5
940.094,33.3,940.094,63.5
942.094,33.3,942.094,63.5
944.094,33.3,944.094,63.5
946.097,33.3,946.097,63.5
948.098,33.3,948.098,63.5
950.097,33.3,950.097,63.4
952.098,33.3,952.098,63.4
954.098,33.3,954.098,63.4
956.093,33.3,956.093,63.4
958.094,33.3,958.094,63.4
960.094,33.3,960.094,63.4
962.098,33.3,962.098,63.3
964.098,33.3,964.098,63.3
966.097,33.3,966.097,63.3
968.098,33.3,968.098,63.3
970.098,33.3,970.098,63.3
972.093,33.3,972.093,63.3
974.094,33.3,974.094,63.3
976.094,33.3,976.094,63.3
978.098,33.3,978.098,63.3
980.098,33.3,980.098,63.2
982.097,33.3,982.097,63.3
984.098,33.3,984.098,63.3
986.097,33.3,986.097,63.3
988.093,33.3,988.093,63.2
990.094,33.3,990.094,63.2
992.094,33.3,992.094,63.3
994.098,33.3,994.098,63.4
996.098,33.3,996.098,63.4
998.097,33.3,998.097,63.5
1000.098,33.3,1000.098,63.6
1002.099,33.3,1002.099,63.6
1004.095,33.3,1004.095,63.7
1006.095,33.3,1006.095,63.7
1008.096,33.3,1008.096,63.8
1010.1,33.3,1010.1,63.7
1012.1,33.3,1012.1,63.8
1014.1,33.3,1014.1,63.7
1016.1,33.3,1016.1,63.6
1018.099,33.3,1018.099,63.6
1020.095,33.3,1020.095,63.6
1022.095,33.3,1022.095,63.6
1024.096,33.3,1024.096,63.6
1026.1,33.3,1026.1,63.5
1028.1,33.3,1028.1,63.5
1030.1,33.3,1030.1,63.5
1032.1,33.3,1032.1,63.5
1034.099,33.3,1034.099,63.4
1036.095,33.3,1036.095,63.4
1038.095,33.3,1038.095,63.4
1040.096,33.3,1040.096,63.4
1042.1,33.3,1042.1,63.3
1044.1,33.3,1044.1,63.3
1046.1,33.3,1046.1,63.3
1048.1,33.3,1048.1,63.3
1050.099,33.3,1050.099,63.3
1052.095,33.3,1052.095,63.3
1054.095,33.3,1054.095,63.3
1056.096,33.3,1056.096,63.3
1058.1,33.3,1058.1,63.3
1060.1,33.3,1060.1,63.3
1062.1,33.3,1062.1,63.4
1064.1,33.3,1064.1,63.4
1066.099,33.3,1066.099,63.4
1068.095,33.3,1068.095,63.4
1070.095,33.3,1070.095,63.4
1072.096,33.3,1072.096,63.5
1074.1,33.3,1074.1,63.5
1076.101,33.3,1076.101,63.6
1078.1,33.3,1078.1,63.6
1080.1,33.3,1080.1,63.6
1082.099,33.3,1082.099,63.6
1084.095,33.3,1084.095,63.6
1086.095,33.3,1086.095,63.6
1088.096,33.3,1088.096,63.6
1090.1,33.4,1090.1,63.6
1092.1,33.4,1092.1,63.6
1094.1,33.4,1094.1,63.6
1096.1,33.4,1096.1,63.7
1098.099,33.4,1098.099,63.6
1100.095,33.4,1100.095,63.7
1102.095,33.4,1102.095,63.7
1104.096,33.4,1104.096,63.7
1106.1,33.4,1106.1,63.7
1108.101,33.4,1108.101,63.7
1110.1,33.4,1110.1,63.6
1112.1,33.4,1112.1,63.7
1114.099,33.4,1114.099,63.7
1116.095,33.4,1116.095,63.7
1118.095,33.4,1118.095,63.7
1120.096,33.4,1120.096,63.7
1122.1,33.4,1122.1,63.8
1124.101,33.4,1124.101,63.8
1126.1,33.4,1126.1,63.7
1128.099,33.4,1128.099,63.7
1130.099,33.4,1130.099,63.7
1132.095,33.4,1132.095,63.7
1134.095,33.4,1134.095,63.7
1136.096,33.4,1136.096,63.7
1138.1,33.4,1138.1,63.7
1140.101,33.4,1140.101,63.7
1142.1,33.4,1142.1,63.7
1144.099,33.4,1144.099,63.6
1146.099,33.4,1146.099,63.6
1148.095,33.4,1148.095,63.7
1150.095,33.4,1150.095,63.7
1152.096,33.5,1152.096,63.7
1154.1,33.5,1154.1,63.7
1156.101,33.4,1156.101,63.7
1158.1,33.5,1158.1,63.6
1160.099,33.5,1160.099,63.5
1162.099,33.5,1162.099,63.6
1164.095,33.5,1164.095,63.6
1166.095,33.5,1166.095,63.6
1168.096,33.5,1168.096,63.5
1170.1,33.5,1170.1,63.5
1172.101,33.5,1172.101,63.4
1174.1,33.4,1174.1,63.4
1176.099,33.5,1176.099,63.4
1178.099,33.5,1178.099,63.3
1180.095,33.5,1180.095,63.3
1182.095,33.5,1182.095,63.3
1184.096,33.5,1184.096,63.3
1186.1,33.5,1186.1,63.3
1188.101,33.5,1188.101,63.2
1190.1,33.5,1190.1,63.2
1192.1,33.5,1192.1,63.2
1194.099,33.5,1194.099,63.2
1196.095,33.5,1196.095,63.2
1198.095,33.5,1198.095,63.2
1200.096,33.5,1200.096,63.2
1202.1,33.5,1202.1,63.1
1204.101,33.5,1204.101,63.2
1206.1,33.5,1206.1,63.1
1208.099,33.5,1208.099,63.2
1210.099,33.5,1210.099,63.2
1212.095,33.5,1212.095,63.2
1214.095,33.5,1214.095,63.2
1216.096,33.5,1216.096,63.1
1218.1,33.5,1218.1,63.1
1220.101,33.5,1220.101,63.1
1222.1,33.5,1222.1,63.0
1224.099,33.5,1224.099,63.1
1226.099,33.5,1226.099,63.1
1228.095,33.5,1228.095,63.1
1230.095,33.5,1230.095,63.1
1232.096,33.5,1232.096,63.1
1234.1,33.5,1234.1,63.1
1236.101,33.5,1236.101,63.1
1238.1,33.5,1238.1,63.0
1240.099,33.5,1240.099,63.1
1242.099,33.5,1242.099,63.0
1244.095,33.5,1244.095,63.0
1246.096,33.5,1246.096,63.0
1248.096,33.5,1248.096,63.0
1250.1,33.5,1250.1,63.0
1252.101,33.5,1252.101,62.9
1254.099,33.4,1254.099,62.9
1256.099,33.4,1256.099,62.9
1258.099,33.4,1258.099,62.9
1260.095,33.5,1260.095,62.9
1262.096,33.5,1262.096,62.9
1264.097,33.5,1264.097,62.9
1266.101,33.5,1266.101,62.9
1268.101,33.5,1268.101,62.9
1270.099,33.4,1270.099,62.9
1272.099,33.4,1272.099,62.9
1274.099,33.4,1274.099,62.9
1276.095,33.4,1276.095,62.9
1278.096,33.4,1278.096,62.9
1280.096,33.4,1280.096,62.9
1282.1,33.4,1282.1,62.9
1284.101,33.4,1284.101,62.9
1286.1,33.4,1286.1,62.9
1288.099,33.4,1288.099,62.9
1290.099,33.4,1290.099,62.9
1292.095,33.4,1292.095,62.9
1294.096,33.4,1294.096,62.9
1296.096,33.4,1296.096,62.9
1298.1,33.4,1298.1,62.9
1300.101,33.4,1300.101,62.9
1302.1,33.4,1302.1,63.0
1304.099,33.4,1304.099,63.0
1306.099,33.4,1306.099,63.0
1308.095,33.4,1308.095,63.1
1310.096,33.4,1310.096,63.1
1312.096,33.4,1312.096,63.2
1314.1,33.4,1314.1,63.1
1316.101,33.4,1316.101,63.1
1318.1,33.4,1318.1,63.2
1320.099,33.4,1320.099,63.3
1322.099,33.4,1322.099,63.3
1324.095,33.4,1324.095,63.2
1326.096,33.4,1326.096,63.2
1328.097,33.4,1328.097,63.2
1330.1,33.4,1330.1,63.3
1332.101,33.4,1332.101,63.3
1334.1,33.4,1334.1,63.3
1336.099,33.4,1336.099,63.3
1338.099,33.4,1338.099,63.3
1340.095,33.4,1340.095,63.2
1342.096,33.4,1342.096,63.3
1344.096,33.4,1344.096,63.3
1346.096,33.4,1346.096,63.2
1348.096,33.4,1348.096,63.3
1350.095,33.4,1350.095,63.3
1352.094,33.4,1352.094,63.3
1354.095,33.4,1354.095,63.2
1356.095,33.5,1356.095,63.3
1358.096,33.5,1358.096,63.2
1360.096,33.5,1360.096,63.2
1362.096,33.4,1362.096,63.3
1364.096,33.5,1364.096,63.2
1366.094,33.5,1366.094,63.2
1368.095,33.5,1368.095,63.2
1370.095,33.5,1370.095,63.2
1372.095,33.5,1372.095,63.1
1374.096,33.5,1374.096,63.1
1376.096,33.5,1376.096,63.1
1378.096,33.5,1378.096,63.1
1380.094,33.5,1380.094,63.0
1382.094,33.5,1382.094,63.0
1384.095,33.5,1384.095,63.0
1386.095,33.5,1386.095,63.0
1388.095,33.5,1388.095,63.0
1390.096,33.5,1390.096,62.9
1392.096,33.5,1392.096,62.9
1394.096,33.5,1394.096,62.9
1396.094,33.5,1396.094,62.9
1398.095,33.5,1398.095,62.8
1400.095,33.5,1400.095,62.8
1402.095,33.5,1402.095,62.8
1404.095,33.5,1404.095,62.8
1406.096,33.5,1406.096,62.8
1408.096,33.5,1408.096,62.8
1410.096,33.5,1410.096,62.8
1412.096,33.5,1412.096,62.8
1414.094,33.5,1414.094,62.8
1416.095,33.5,1416.095,62.8
1418.095,33.5,1418.095,62.8
1420.095,33.5,1420.095,62.8
1422.096,33.5,1422.096,62.8
1424.096,33.5,1424.096,62.7
1426.096,33.5,1426.096,62.7
1428.096,33.5,1428.096,62.8
1430.094,33.5,1430.094,62.8
1432.095,33.5,1432.095,62.8
1434.095,33.5,1434.095,62.8
1436.095,33.5,1436.095,62.9
1438.096,33.5,1438.096,62.9
1440.096,33.5,1440.096,62.9
1442.096,33.5,1442.096,62.9
1444.094,33.5,1444.094,62.9
1446.095,33.5,1446.095,62.9
1448.095,33.5,1448.095,62.9
1450.095,33.5,1450.095,62.9
1452.096,33.5,1452.096,62.9
1454.096,33.5,1454.096,62.9
1456.096,33.5,1456.096,62.8
1458.096,33.5,1458.096,62.8
1460.096,33.5,1460.096,62.8
1462.094,33.5,1462.094,62.8
1464.095,33.5,1464.095,62.8
1466.095,33.6,1466.095,62.8
1468.095,33.5,1468.095,62.8
1470.096,33.5,1470.096,62.8
1472.096,33.6,1472.096,62.8
1474.096,33.5,1474.096,62.9
1476.094,33.5,1476.094,62.9
1478.095,33.5,1478.095,62.9
1480.095,33.5,1480.095,62.9
1482.095,33.5,1482.095,62.9
1484.096,33.5,1484.096,63.0
1486.096,33.6,1486.096,63.0
1488.096,33.5,1488.096,63.0
1490.096,33.6,1490.096,63.0
1492.096,33.6,1492.096,63.0
1494.094,33.6,1494.094,62.9
1496.095,33.6,1496.095,62.9
1498.095,33.6,1498.095,62.9
1500.096,33.6,1500.096,62.9
1502.096,33.6,1502.096,62.9
1504.097,33.6,1504.097,62.8
1506.1,33.6,1506.1,62.8
1508.101,33.6,1508.101,62.7
1510.1,33.6,1510.1,62.7
1512.099,33.6,1512.099,62.7
1514.099,33.6,1514.099,62.7
1516.096,33.6,1516.096,62.7
1518.096,33.6,1518.096,62.7
1520.097,33.6,1520.097,62.7
1522.1,33.6,1522.1,62.7
1524.101,33.6,1524.101,62.6
1526.1,33.6,1526.1,62.6
1528.099,33.6,1528.099,62.7
1530.099,33.6,1530.099,62.7
1532.096,33.6,1532.096,62.6
1534.096,33.6,1534.096,62.6
1536.097,33.6,1536.097,62.7
1538.1,33.6,1538.1,62.7
1540.101,33.6,1540.101,62.7
1542.1,33.6,1542.1,62.7
1544.099,33.6,1544.099,62.7
1546.099,33.6,1546.099,62.8
1548.096,33.6,1548.096,62.8
1550.096,33.6,1550.096,62.8
1552.097,33.6,1552.097,62.8
1554.1,33.6,1554.1,62.9
1556.101,33.6,1556.101,62.9
1558.1,33.6,1558.1,63.0
1560.099,33.6,1560.099,63.0
1562.099,33.6,1562.099,63.0
1564.096,33.6,1564.096,63.0
1566.096,33.6,1566.096,63.0
1568.097,33.6,1568.097,62.9
1570.1,33.6,1570.1,62.9
1572.101,33.6,1572.101,62.9
1574.1,33.6,1574.1,62.9
1576.099,33.6,1576.099,62.9
1578.099,33.6,1578.099,62.9
1580.096,33.6,1580.096,62.9
1582.096,33.6,1582.096,62.9
1584.097,33.6,1584.097,62.9
1586.1,33.6,1586.1,62.9
1588.101,33.6,1588.101,62.9
1590.1,33.6,1590.1,62.9
1592.099,33.6,1592.099,62.8
1594.099,33.6,1594.099,62.9
1596.096,33.6,1596.096,62.8
1598.096,33.7,1598.096,62.8
1600.097,33.7,1600.097,62.8
1602.1,33.7,1602.1,62.8
1604.101,33.7,1604.101,62.8
